.Random.seed <-
c(403L, 1L, 1208689969L, -1609305120L, -1890246530L, 1509948169L, 
-449110725L, -1408487158L, -1994202900L, 1180093807L, 1764594341L, 
1934961756L, -1696748494L, 1098181421L, 1641755111L, -1437643506L, 
821158632L, 609725675L, -1527782007L, 1847473432L, 1884878918L, 
472670369L, 794732339L, 14235298L, 745244052L, -1431188457L, 
1065769997L, -1285654236L, -1565764342L, -1548667787L, 779608015L, 
-695893802L, 219562112L, 794066627L, -1698903967L, -1589872432L, 
409416238L, -1655876647L, 1529961451L, -1174226342L, -1897673700L, 
-1319954145L, 146901365L, 847317004L, 1456001506L, 1178970813L, 
-1991318217L, -1558165026L, -1001074920L, -312965509L, -2029075431L, 
-530877272L, -836481450L, -916460847L, 521472643L, 1263780114L, 
-2065341276L, 503755879L, -1225048643L, -951926988L, -904209254L, 
349512421L, -966271873L, -864332282L, -1949638256L, -1045324749L, 
-839633967L, -671450752L, -816360354L, -240548951L, -183379365L, 
789495402L, 981795596L, 1790174543L, 386113029L, -1787943748L, 
453858706L, -1871835507L, 355894471L, -673881682L, 1126845448L, 
1783136267L, 709932265L, 766104504L, -1998840730L, 1874525441L, 
487103379L, -177980350L, 2068087796L, 104336887L, -938323475L, 
-1232641404L, -266054486L, -1594375659L, -1085456721L, 2082045110L, 
1835027168L, 254899747L, 1683585345L, 766895152L, 777322062L, 
1071344313L, 1533824715L, -1234946182L, -1685340548L, -1394525505L, 
-661759083L, 1431608236L, 2004128130L, 401102685L, 2015738455L, 
-1593102018L, 282939768L, 895134299L, 1225874873L, 18055176L, 
-1046429002L, -1189684751L, 14848035L, -585060238L, -554069308L, 
665027719L, -1840891811L, 749264468L, -1942545286L, 1057998789L, 
-1538832097L, 1714456742L, 507619888L, 724627667L, -419004687L, 
-1260511712L, 1575069886L, 1960062153L, 2015659643L, -1054407606L, 
-1670001492L, 1842060207L, -330211483L, -609454820L, 139648370L, 
-1393093139L, -1824343513L, -117581234L, 1195744936L, 174142635L, 
2096936393L, 683735512L, -1841303418L, -956924575L, 1725960435L, 
-1968218270L, 1358649812L, -1216074537L, -192844083L, -1860352412L, 
-1571765174L, 584733109L, 1125178639L, 1611192854L, 43758784L, 
1216516739L, -627523935L, -444747632L, -259892370L, 2006189337L, 
326120875L, -444509286L, -1566880932L, -739046817L, 905441845L, 
211130828L, 775680290L, -1503497347L, -1636495241L, -429271650L, 
-1374114728L, 266541499L, -24944807L, -85074712L, -1041955562L, 
-2113988975L, -834872509L, -799799726L, -399529756L, 997604135L, 
1892159357L, 34529908L, -739378086L, -1650326363L, -861708609L, 
-615398074L, -306590768L, 1299203571L, 1853206801L, -1881334464L, 
484302110L, -1058158103L, -1955665125L, -1398180566L, 353119820L, 
1055193615L, -778494651L, 1096695548L, -413919918L, 1329584845L, 
1548202631L, -1540745874L, 1109937992L, -2132559029L, 1548722857L, 
-1647998984L, -1129650394L, 1261705281L, -1121748525L, -373861502L, 
766547892L, -854290633L, 958170669L, -2130708668L, 1539540074L, 
-1642504491L, 398235759L, 676813174L, -1565580640L, -1276457117L, 
-507001855L, 1840934768L, 216213262L, 262177826L, 1168879624L, 
-2045692788L, -177191908L, -1383829358L, 310502528L, -1737614316L, 
-1624680664L, 2114111546L, -109496112L, -807470996L, -886239564L, 
258436114L, 685134816L, 1464034252L, -419749408L, -1819138014L, 
-674437848L, 1994633484L, -354901444L, 1584003314L, -1054540560L, 
1110595396L, 868949080L, 881423930L, 550916336L, -345508164L, 
1772212756L, 869563586L, 567478880L, 1774444924L, -871084848L, 
-2026018782L, 1845982376L, 1020076428L, 378999228L, 1623919666L, 
919426880L, -1597156684L, 1347435848L, 77125306L, -1497922800L, 
694851820L, -453694380L, -365671662L, 672312736L, -1476937780L, 
2072949600L, -1060217662L, 747323944L, -1917731412L, 539315004L, 
947707762L, -673841360L, -74611676L, -34848200L, -1648605478L, 
446890896L, -626648836L, -866786924L, -575331518L, 1801099776L, 
-727489476L, 1347218000L, -481295198L, 691468104L, -1036829172L, 
1434484444L, -950632366L, -893878144L, 1518541652L, -3234840L, 
963732218L, 1233788752L, 1472053292L, 1067856244L, 1000903314L, 
2094195296L, 234816652L, -1900153504L, 648366306L, -294453080L, 
-2054755636L, -239442436L, 1857879986L, 415651824L, 1311196612L, 
-2028562088L, -490261126L, 1746658736L, -1604884036L, 981957204L, 
-681554494L, -876659936L, 378801084L, -41958320L, 327557090L, 
-939318424L, 642508620L, -922879236L, 677264114L, 753561856L, 
-1078668172L, 484170248L, -1018795590L, -1873298992L, 690924524L, 
-750352492L, 689384658L, 1437583456L, 216965452L, -2068846816L, 
2147003010L, -1975989784L, -1844014100L, 1013243452L, 1078041202L, 
1347313520L, -1236332252L, -1676489160L, -381493862L, -570526256L, 
-1171516996L, -1490787692L, -486951294L, -424504896L, 908099388L, 
-1861388656L, -50769118L, 598263304L, 1919399692L, -1872103524L, 
1952653330L, 1192436608L, -1305256172L, -1015051992L, -185229254L, 
517183440L, 1687808620L, 1381633076L, -2130275182L, 609811808L, 
1945039180L, -1028478496L, 1737768866L, -1109323864L, -831785844L, 
679179196L, 1478613106L, 1937437680L, 2000044100L, 227890264L, 
-2019520454L, 1664565360L, -424611268L, -82347244L, 42172098L, 
-547815712L, 1241904252L, -516603696L, -111725662L, 2014646824L, 
-2067323636L, -806380612L, 1113769266L, 1853000896L, -2061705676L, 
359356104L, 2057475770L, -677977968L, 1746172652L, 1452321364L, 
-1599353198L, 2010020640L, -1723896884L, -512033568L, -927012158L, 
1692082216L, -2096821332L, 605199036L, -358595086L, 1836557872L, 
-1623445596L, -37812808L, 548454234L, -1699194736L, -972862596L, 
573645588L, -1542192830L, 1223541504L, -1691594820L, -979864752L, 
275330338L, 1701502536L, 1104472076L, 885395548L, -1873888814L, 
1518254592L, 2053259604L, -507026200L, -2118353670L, -302876976L, 
-370725588L, -2116564748L, 910759314L, 1852733792L, 985446412L, 
1324842720L, 1970985570L, 1802649256L, -978545076L, -43410564L, 
-744688334L, 1188290160L, 1027955524L, 154235864L, 256409466L, 
1442533936L, 1135676348L, 1945166420L, 92974146L, -77268832L, 
-526613828L, 678878672L, -562702494L, -347450648L, 178152652L, 
-1003870041L, 1280343281L, 169692214L, -300456748L, 2072750181L, 
65081967L, 1333284008L, -1616156154L, -1516360909L, -710492267L, 
116694002L, -923537344L, -1122545239L, 1422753819L, -296964628L, 
-1601696262L, 1695234607L, -2005240263L, -1839751090L, -1895348068L, 
-1699198451L, -1356454281L, -858636672L, 1650253022L, -1504690261L, 
986345645L, 1156113690L, 415580632L, -703890879L, 1116680435L, 
-894693612L, -279320926L, 2139004855L, 1832266625L, -901588602L, 
541768644L, -496883979L, 1503228767L, 697343416L, 999859350L, 
-2067719517L, -1058341787L, -2018563710L, -1123749136L, 513631897L, 
883845771L, 1586277244L, 1935445418L, 1703962079L, 1820783465L, 
981545854L, 2081991532L, -1019945027L, -1323586425L, 1135960176L, 
-1587148018L, 756983867L, 953558813L, 748209610L, -1941848344L, 
1008226769L, 1656513475L, 1875655876L, 1818919794L, 2103598663L, 
461110801L, 1639485334L, 1455321844L, 1428944005L, -1494062641L, 
-324043576L, -914559642L, -919744621L, 840863989L, -565045038L, 
1310697248L, -164395255L, 1647751227L, -1280825972L, -1116578790L, 
-839774065L, -1339824167L, 1433749614L, -507393028L, -1621878419L, 
1858417431L, -963546400L, -312430402L, 1365884555L, 2069275917L, 
1488759098L, 1520990584L, 630340385L, -1314821165L, -355822860L, 
-758334590L, -628905449L, -1059460895L, -2142198234L, -1089880284L, 
-1968607275L, 1551579007L, 768901656L, 28344630L, 127332291L, 
-2016997883L, -2144854622L, -1419468400L, -447399623L, 1777450475L, 
-859750692L, -709326070L, -359029249L, -986383287L, 1782529502L, 
694259084L, -1216685731L, 1184911719L, 774427280L, -1634358098L, 
961281371L, -951189187L, 1762528170L, -1635509176L, 824427633L, 
-964898333L, -1851331356L, -475162606L, 1082948583L, 500065201L, 
-1086775818L, -1845125100L, -1513066715L, 1298143279L, 415646184L, 
-1319094586L, 769972083L, 1972269013L, -1974630478L, 1112375680L, 
2060237161L, 1890569691L, -490683092L, -1025036486L, -575897105L, 
